60 1500
1 2 3 45 6 7 8 9 10 11 12 500 140 150 160 170 180 190 200 210 1 2 3 45 6 7 8 9 10 11 12 500 140 150 160 170 180 190 200 210 1 2 3 45 6 7 8 9 10 11 12 500 140 150 160 170 180 190 200 210
1 2 3 4 5 6 7 8 9 10 11 12 13 14 15 16 17 18 19 20 1 2 3 4 5 6 7 8 9 10 11 12 13 14 15 16 17 18 19 20 1 2 3 4 5 6 7 8 9 10 11 12 13 14 15 16 17 18 19 20
20 1500
1 500 2 3 4 5 6 7 8 150 160 170 180 190 200 210 10 10 1000 10
1 2 3 4 5 6 7 8 9 10 11 12 13 14 15 16 17 18 19 20
10 1500
1 2 3 4 5 6 7 500 1000 8
1 2 3 4 5 6 7 8 9 10
5 60
30 10 20 35 40
3 0 3 5 4