50
305454138
499382385
533451031
66878618
64310452
872834776
582174368
222228200
474250950
622321647
331366492
590319895
568451717
375944337
781242548
564660887
72816159
394938983
497296351
407849757
514141201
973995171
717438571
145710994
55988184
89797934
344188628
394265416
7881166
69751629
95395510
312816554
955153941
688978850
859988581
5937275
828104960
14097619
303348410
444357757
312621681
187719542
941120708
317519012
83242679
933148509
234978546
575303638
652927985
337114509
