9 0 4 0 0 0 6 0 0
0 0 0 9 0 0 0 7 0
5 6 0 0 4 3 0 0 0
1 7 5 6 0 4 2 0 9
0 3 0 0 0 0 7 0 8
4 0 8 3 7 2 1 0 6
0 0 1 0 9 7 0 6 0
0 0 0 4 0 8 3 1 0
0 5 0 0 0 0 4 0 0
answer
9 1 4 7 2 5 6 8 3
2 8 3 9 1 6 5 7 4
5 6 7 8 4 3 9 2 1
1 7 5 6 8 4 2 3 9
6 3 2 1 5 9 7 4 8
4 9 8 3 7 2 1 5 6
3 4 1 5 9 7 8 6 2
7 2 9 4 6 8 3 1 5
8 5 6 2 3 1 4 9 7

9 0 5 7 2 4 1 0 3
1 4 6 8 9 0 2 0 5
0 0 0 0 0 6 4 0 8
6 9 0 0 7 5 0 0 0
0 0 0 9 3 0 5 0 0
0 0 3 0 0 0 0 4 0
8 0 9 0 0 0 6 2 0
0 0 0 0 0 7 9 0 0
4 3 0 2 0 0 0 5 0
answer
9 8 5 7 2 4 1 6 3 
1 4 6 8 9 3 2 7 5
3 7 2 1 5 6 4 9 8
6 9 8 4 7 5 3 1 2
7 1 4 9 3 2 5 8 6
5 2 3 6 1 8 7 4 9
8 5 9 3 4 1 6 2 7
2 6 1 5 8 7 9 3 4
4 3 7 2 6 9 8 5 1

0 0 0 0 0 0 0 0 0
0 0 0 0 0 0 0 0 0
0 0 0 0 8 0 9 0 0
0 0 0 0 0 0 0 0 0
0 0 0 0 4 0 0 0 0
0 0 0 0 0 0 0 0 0
0 0 0 0 0 0 0 0 0
0 0 0 0 0 0 0 0 0
0 0 0 0 0 0 0 0 0

0 0 0 0 1 0 0 4 0
2 0 0 0 0 0 0 3 0
0 6 0 0 0 9 1 0 2
7 0 0 0 5 0 6 0 1
0 0 5 0 0 3 0 0 0
0 0 0 0 0 0 4 0 0
0 9 0 8 0 0 0 0 0
6 0 0 0 3 0 5 0 7
0 0 0 0 0 0 0 2 0